100
RALUB 72900 -192500 5700 128 148
RAL01 55000 -196500 5700 128 148
RAL02 64000 -230000 5700 128 148
TUNED 58366.1 -123791.3 5400 128 148
BIKMA 36308 -79095.6 5100 122 142
SS014 16653.1 -25641.7 2700 108 128
SS015 -5778.3 -7612.8 1500 90 110
SS025 0 0 900 70 90
SS003 6.1 9258.8 450 65 85
RW08L -21.5 18431.5 10 65 85 LAND
AKERA 108313.2 138648.2 5400 128 148
AKE01 110000 101000 5400 128 148
AKE02 135000 115000 5400 128 148
ATMEB 80239.2 105473.2 4800 126 146
ARTEM 65708.6 88572.7 4500 126 146
SS024 37872.1 43477.2 4200 124 144
SS023 27204 13029.7 3600 122 142
SS022 28178.9 -8989.9 2400 107 127
SS021 23387.8 -17775.1 2400 107 127
SS020 15881.8 -24357.6 2400 107 127
SS019 6574.2 -27944.1 2400 107 127
SS018 -3399.7 -28118.4 2400 107 127
SS017 -12827.6 -24880.4 2400 107 127
SS016 8449.9 -6344 1500 90 110
BANAM 41861.1 199652.3 5700 128 148
BAN01 62000 189000 5700 128 148
BAN02 60000 236000 5700 128 148
SOPUS 43341.9 92971.2 4500 126 146
LEPDI 15000 -261600 6000 130 150
LEP01 -4000 -268000 6000 130 150
LEP02 5000 -300000 6000 130 150
MIKHA -34956.7 -82766.6 2100 107 127
SS011 -13552.6 -26181.3 2100 107 127
SS012 -3634.1 -29590.2 2100 107 127
SS013 6858 -29412.5 2100 107 127
SS014aa 16653.1 -25641.7 2100 107 127
ASKAL -43400 -251100 5700 128 148
ASK01 -63000 -251000 5700 128 148
ASK02 -64000 -285000 5700 128 148
LIGTU -39245 -127293.2 3000 115 135
SUTIN -76000 -217000 5400 128 148
SUT01 -95000 -213000 5400 128 148
SUT02 -104000 -250000 5400 128 1484
DIBUL -113000 -210600 5100 128 1484
DIB01 -133000 -202000 5100 128 148
DIB02 -150000 -236000 5100 128 1484
IMANA -143000 -68100 6000 130 150
IMA01 -157000 -52000 6000 130 150
IMA02 -188000 -75000 6000 130 150
NEBIS -91968.6 -30052 4200 126 146
SS009 -27126.9 -10700.2 1800 107 127
SS010 -21709.5 -19619.1 1800 107 127
SS011a -13552.6 -26181.3 1800 107 127
SS012a -3634.1 -29590.2 1800 107 127
SS013a 6858 -29412.5 1800 107 127
SS014aaa 16653.1 -25641.7 1800 107 127
SOUTH -157500 58750 6000 130 150
SOU01 -155500 83000 6000 130 150
SOU02 -195000 88000 6000 130 150
PESAM -93171.8 51405.2 4200 128 148
ALUMA -40602.4 33235.9 3300 120 140
SS007 -28984.1 13562.6 2100 110 130
SS008 -29156.8 -492.2 1800 107 127
ARBUP -92894.1 164108.9 6600 134 154
ARB01 -83000 170000 6600 134 154
ARB02 -105000 208000 6600 134 154
NEKER -71237 97640.4 4200 128 148
SS006 -28839.1 30339.6 3000 120 140